Motif	Counts	avgRef	OvE	p-value
QFIG	3	0.02	190.3	7.5e-07
SQFI	3	0.03	90.8	6.5e-06
SQFL	4	0.04	89.7	2.2e-07
YSVP	3	0.06	53.5	3.0e-05
PQSP	3	0.06	53.5	3.0e-05
ESLL	3	0.06	48.5	4.0e-05
VALL	3	0.06	48.5	4.0e-05
QFI	3	0.08	37.9	8.1e-05
EMGL	3	0.08	37.9	8.1e-05
EEPR	5	0.14	35.1	5.4e-07
YSIS	3	0.09	33.1	1.2e-04
QFL	4	0.13	30.5	1.2e-05
HLGQ	3	0.13	23.9	3.1e-04
PFRD	4	0.18	22.6	3.9e-05
TESN	7	0.34	20.3	1.1e-07
QTRL	3	0.15	20.2	5.0e-04
FVNE	3	0.15	20.2	5.0e-04
FGLT	3	0.16	18.8	6.1e-04
SPWL	3	0.16	18.8	6.1e-04
KGTV	3	0.17	18.1	6.8e-04
TSPN	3	0.19	15.9	9.9e-04
SVAL	16	1.02	15.7	4.0e-14
WGMN	4	0.26	15.5	1.6e-04
LGLY	5	0.33	15.3	2.6e-05
GLVL	10	0.67	15.0	3.4e-09
GWGM	4	0.27	14.9	1.9e-04
TLTD	5	0.36	14.1	3.8e-05
SQVI	4	0.33	12.2	3.8e-04
LEPS	5	0.41	12.1	7.6e-05
SELT	4	0.33	12.0	4.1e-04
VALA	5	0.42	11.9	8.1e-05
FRDT	4	0.36	11.2	5.2e-04
PTRT	5	0.46	10.9	1.2e-04
GEAK	4	0.37	10.7	6.2e-04
PRPS	5	0.49	10.2	1.6e-04
